Training Arguments:
  outputDir: C:\Users\sargs\OneDrive\Desktop\ECE C143A\neural_seq_decoder\logs\speech_logs\speechBaseline4
  datasetPath: C:\Users\sargs\OneDrive\Desktop\ECE C143A\neural_seq_decoder\data\ptDecoder_ctc.pkl
  seqLen: 150
  maxTimeSeriesLen: 1200
  batchSize: 128
  lrStart: 0.05
  lrEnd: 0.02
  nUnits: 256
  nBatch: 10000
  nLayers: 5
  seed: 0
  nClasses: 40
  nInputFeatures: 256
  dropout: 0.2
  whiteNoiseSD: 0.8
  constantOffsetSD: 0.2
  gaussianSmoothWidth: 2.0
  strideLen: 4
  kernelLen: 32
  bidirectional: False
  l2_decay: 1e-05

Training Statistics:
  Test Loss: [6.28038624 2.94079426 2.54245322 2.18085071 1.96562549 1.7927069
 1.66009208 1.55532987 1.47071934 1.39225987 1.32745361 1.27967385
 1.23099545 1.19382354 1.1618651  1.13343893 1.10586187 1.08360168
 1.0635158  1.05561066 1.03380959 1.02445262 1.00126566 0.98777703
 0.98580245 0.97194256 0.97280945 0.9689562  0.96026094 0.96058771
 0.94772795 0.94132199 0.94132512 0.94311231 0.94259269 0.94105571
 0.92344189 0.93093818 0.92507873 0.92397717 0.91979013 0.92183706
 0.9163394  0.91918359 0.93190677 0.91580609 0.91614274 0.92964976
 0.92858601 0.93181903 0.92128216 0.92131165 0.92041928 0.927104
 0.93219491 0.92286498 0.92318678 0.92702443 0.92133733 0.93184607
 0.92522056 0.93337631 0.92858628 0.93607671 0.93160834 0.93482753
 0.93439089 0.93975292 0.9501338  0.94163752 0.93493448 0.94002819
 0.93579313 0.9422589  0.94912216 0.95057733 0.94949314 0.94189916
 0.94576604 0.94715336 0.94903803 0.95938219 0.96113334 0.95596722
 0.95968533 0.95084313 0.96077742 0.95753241 0.96229444 0.96294049
 0.95746367 0.96821724 0.96911539 0.96673557 0.96584954 0.96321283
 0.96363851 0.96108695 0.97093378 0.97196143]
  Test CER: [0.99995873 0.99682225 0.76274194 0.62576864 0.56130577 0.50583963
 0.4683257  0.44042755 0.41925632 0.38863439 0.37976146 0.36197433
 0.35409187 0.34509513 0.33436507 0.32866989 0.32029219 0.31533985
 0.30952086 0.30650819 0.30106062 0.29594321 0.29540671 0.28818456
 0.28257191 0.28215922 0.27749577 0.2798894  0.27332756 0.27357517
 0.26928315 0.26829268 0.26812761 0.26746729 0.26383558 0.2650324
 0.26362924 0.26036895 0.25892452 0.25657216 0.25541662 0.25599439
 0.25417853 0.25285791 0.25483884 0.25075317 0.25145475 0.2501754
 0.24988651 0.24939128 0.24798811 0.24794684 0.24596591 0.24646114
 0.24823573 0.24534687 0.24675003 0.24633734 0.24555322 0.24514052
 0.24188024 0.24394371 0.24245801 0.24406752 0.24336594 0.24039454
 0.23911518 0.24006438 0.24526433 0.24130246 0.23915645 0.23961042
 0.23878503 0.23952788 0.24299451 0.24093104 0.24142627 0.24014692
 0.24183897 0.24039454 0.24113739 0.23932153 0.24117866 0.23928026
 0.23812472 0.24051834 0.23837233 0.23944534 0.23915645 0.23961042
 0.23783583 0.23622632 0.23647394 0.24051834 0.23890884 0.23845487
 0.23651521 0.23519459 0.23618505 0.2359787 ]
  Number of evaluations: 100

Model Weights:
  Number of parameter groups: 73
  Parameter keys: ['dayWeights', 'dayBias', 'gaussianSmoother.weight', 'gru_decoder.weight_ih_l0', 'gru_decoder.weight_hh_l0']...
